342.083319
340.162863
343.093499
341.705895
342.541039
345.053195
340.562448
344.51963
343.156983
344.380961
345.671698
344.759275
343.561609
346.496719
342.549887
346.819144
340.744401
342.930867
342.020757
341.432522
342.188235
340.703259
341.345997
342.509621
339.700122
342.359823
338.636248
338.79138
345.587202
341.710001
343.278808
340.477355
302.399994
305.660004
303.890015
353.06798
306.529999
308.059998
307.390015
306.480011
307.25
307.920013
305.179993
308.059998
307.390015
306.140015
307.730011
305.709991
306.529999
306.959991
305.380005
307.779999
306.190002
306.820007
307.01001
305.950012
306.429993
308.73999
306.769989
309.309998
305.470001
307.630005
305.570007
306.529999
306.290009
304.220001
303.019989
304.369995
371.402561
374.047482
373.459709
373.227051
366.634192
368.538376
365.149139
365.029372
354.358197
354.743226
353.798119
354.24151
346.149451
345.646756
346.857785
345.326862
341.409303
340.913884
340.75627
341.78085
335.343615
336.307052
336.672468
336.085565
335.580494
334.690654
336.052871
336.162735
