0
0
0
0
0
0
0
0
0
0
0
0
0
0
0
0
0
0
0
0
0
0
0
0
0
2.625905
10.346651
21.157314
25.749307
47.898341
33.279787
82.698406
130.998505
165.158905
184.820404
56.232877
235.200195
265.178192
288.247711
306.926605
328.906494
344.088715
349.681885
377.178009
380.9534
392.881897
398.928894
407.055511
411.875305
426.370605
408.597198
414.230103
409.823395
406.287994
408.661713
400.994904
381.610291
399.974487
378.10849
349.286896
371.962708
327.299408
317.708191
341.157593
285.333099
254.366898
137.687195
179.166901
87.231592
91.340786
47.739947
28.026465
55.169712
50.778632
31.60638
15.099708
5.41742
0.552042
0
0
0
0
0
0
0
0
0
0
0
0
0
0
0
0
0
0
